Date,mkt_ret,vol_regime,p_LOW,p_MID,p_HIGH
Y0-M01-D05,-0.01002622321580537,HIGH,0.0,5.946031810379476e-221,1.0
Y0-M01-D06,-0.007798921531661068,MID,1.894286947326242e-18,0.528581938923424,0.47141806107657264
Y0-M01-D07,0.0023354032767418753,MID,0.34816466202126467,0.5682964442417037,0.08353889373707385
Y0-M01-D08,-0.009014536972055091,HIGH,1.7032365041638916e-25,0.24545118875755334,0.7545488112423544
Y0-M01-D09,0.008274175316137328,HIGH,4.3959529829614134e-21,0.40013648656760137,0.5998635134323101
Y0-M01-D12,-0.0039026745296284523,MID,0.001035568573595128,0.8533438428858949,0.14562058854030996
Y0-M01-D13,0.004809424889680936,MID,4.5308828933793545e-06,0.8091844187271415,0.19081105038989
Y0-M01-D14,0.003051630943381865,MID,0.05194649370653197,0.8295651496963918,0.11848835659707677
Y0-M01-D15,0.015343837341728107,HIGH,2.812347757824793e-82,2.4357227738199027e-05,0.9999756427720616
Y0-M01-D16,0.0015806907018135626,LOW,0.7035835270517022,0.25908095459197994,0.037335518356502874
Y0-M01-D19,0.000720297153319666,LOW,0.8354162485906754,0.1335157082256978,0.031068043183694563
Y0-M01-D20,0.0012110133216030909,LOW,0.802750456151551,0.1650542301823021,0.032195313666197
Y0-M01-D21,-0.009252970275477945,HIGH,5.463027259091386e-27,0.2226754825176357,0.77732451748222
Y0-M01-D22,0.01673417877891697,HIGH,3.720726860606567e-99,1.3098356449373746e-06,0.9999986901643235
Y0-M01-D23,-0.005736979122415235,MID,3.1124712214824145e-09,0.8119225582949816,0.1880774385924883
Y0-M01-D26,-0.008713698150360145,HIGH,1.2124960829352073e-23,0.3017511018774539,0.6982488981226763
Y0-M01-D27,0.008170582797699822,HIGH,1.902435656716758e-20,0.44652471106027053,0.5534752889396567
Y0-M01-D28,0.001861861499214256,LOW,0.6014367196892336,0.34741362010101323,0.051149660209681716
Y0-M01-D29,0.010023737984535779,HIGH,2.293509194284603e-32,0.09070832831118457,0.90929167168874
Y0-M01-D30,0.005556022564436547,MID,1.4233794696678907e-08,0.822752988140235,0.17724699762582938
Y0-M02-D02,0.009200099743207018,HIGH,1.1027957894032536e-26,0.22910358019611646,0.7708964198038004
Y0-M02-D03,-0.010859567599421492,HIGH,1.1106269947823347e-38,0.04535833660645357,0.9546416633935041
Y0-M02-D04,0.00868473851324803,HIGH,1.8248417416011985e-23,0.37764165167862757,0.6223583483213981
Y0-M02-D05,-0.02436373948550411,HIGH,6.945312718461645e-219,4.253158496566679e-16,1.0
Y0-M02-D06,0.0018060574655064186,LOW,0.6093317771514409,0.3365224771193058,0.05414574572937665
Y0-M02-D09,-0.0031297188912050478,MID,0.04174802712536679,0.8200400716056263,0.13821190126887942
Y0-M02-D10,0.007120177596449628,MID,5.370564530548766e-15,0.6129452505503121,0.387054749449606
Y0-M02-D11,-0.00862663912105423,HIGH,3.932729867296216e-23,0.3183357487635765,0.6816642512361996
Y0-M02-D12,-0.006811429564546259,MID,1.3175768483393563e-13,0.65921975359584,0.34078024640423654
Y0-M02-D13,0.003377422971485421,MID,0.01378381092254155,0.8489949528695755,0.1372212362079772
Y0-M02-D16,0.00761334784352227,MID,1.9565463947909658e-17,0.5474329043521725,0.45256709564760106
Y0-M02-D17,-0.021717341065083953,HIGH,4.9152675463071477e-172,2.4696415479628065e-12,0.9999999999977263
Y0-M02-D18,0.001204321457385895,LOW,0.7623197597288637,0.2052548405797967,0.03242539969120315
Y0-M02-D19,-0.009361001103578327,HIGH,1.0159556919205065e-27,0.193760459457242,0.8062395405429846
Y0-M02-D20,-0.00918666328233428,HIGH,1.3908083826902654e-26,0.25139397886411813,0.7486060211358005
Y0-M02-D23,-0.0003730599747785698,LOW,0.7703561449255811,0.18801752583406917,0.04162632924022957
Y0-M02-D24,-0.009895831397021477,HIGH,1.908643960192668e-31,0.10250971779265008,0.8974902822075431
Y0-M02-D25,0.0034001314509194565,MID,0.010997151259314254,0.8825494719888523,0.10645337675201255
Y0-M02-D26,-0.011611310484318777,HIGH,6.532834282762412e-45,0.012507507864683817,0.9874924921352959
Y0-M02-D27,-0.0046007216537285655,MID,1.5212956551740251e-05,0.8741787443587323,0.1258060426847738
Y0-M03-D02,0.011036561454639115,HIGH,3.998113021253175e-40,0.02858810260128126,0.9714118973985458
Y0-M03-D03,0.007039818422096267,MID,1.1402505694337314e-14,0.6774340995560518,0.3225659004441611
Y0-M03-D04,0.00898750677954193,HIGH,2.4786003026915743e-25,0.26852110505188787,0.7314788949482061
Y0-M03-D05,-0.009290882768763437,HIGH,2.4612343721142876e-27,0.2041413888372393,0.7958586111626589
Y0-M03-D06,-0.005509850711264016,MID,2.3068834367552173e-08,0.8206095310280245,0.1793904459029731
Y0-M03-D09,-0.0004320112634314078,LOW,0.7951158003168879,0.16469536431339543,0.040188835369861835
Y0-M03-D10,0.012228509754571914,HIGH,3.2901251856469433e-50,0.006071759544958598,0.9939282404550172
Y0-M03-D11,-0.0014440340200725529,LOW,0.7196478669341202,0.24540702568636844,0.03494510737966218
Y0-M03-D12,0.010547630780547495,HIGH,2.9122713680296668e-36,0.05020936357860351,0.949790636421194
Y0-M03-D13,0.00332860603819888,MID,0.015046015419826664,0.8655937209609985,0.11936026361921472
Y0-M03-D16,0.0074293483635145844,MID,1.6814251506906248e-16,0.575213966671156,0.4247860333287982
Y0-M03-D17,0.010460912669507404,HIGH,1.414140624712378e-35,0.07059835368031381,0.9294016463197348
Y0-M03-D18,-0.009825701447163583,HIGH,6.266706675582955e-31,0.14297834292308775,0.8570216570767166
Y0-M03-D19,0.0019703217924667508,LOW,0.5348078065035679,0.4116019098854589,0.053590283611169506
Y0-M03-D20,-0.016561506804768145,HIGH,5.802402660689784e-97,1.6526014739103834e-06,0.9999983473985607
Y0-M03-D23,-0.005882938900437991,MID,8.981818345652701e-10,0.780041210853751,0.21995878824811999
Y0-M03-D24,0.0029281324694624914,MID,0.08032154499573604,0.7945712029359343,0.125107252068531
Y0-M03-D25,0.00823501025217374,HIGH,7.887022547177357e-21,0.3790346298409334,0.6209653701591695
Y0-M03-D26,0.006518584493336285,MID,2.7215243789314707e-12,0.7108990579528949,0.28910094204459746
Y0-M03-D27,-0.002243902527608936,MID,0.4257438805733128,0.4924697419704521,0.08178637745633319
Y0-M03-D30,-0.002145883428387139,LOW,0.48808135582159246,0.4358919858006806,0.07602665837777611
Y0-M03-D31,0.007680931029182719,MID,9.654689030948912e-18,0.5158802793905279,0.48411972060935987
Y0-M04-D01,0.0016101878145362318,LOW,0.6965893490755053,0.2629859645763123,0.04042468634823715
Y0-M04-D02,0.021679117554572983,HIGH,2.260426898019675e-171,2.570298322481022e-12,0.9999999999972715
Y0-M04-D03,0.00014100363303072192,LOW,0.7221724116047148,0.2183583802119742,0.05946920818340515
Y0-M04-D06,0.0063040112127114726,MID,2.609537262315288e-11,0.7299026444594535,0.2700973555145606
Y0-M04-D07,0.00045940301658349683,LOW,0.7949345099578481,0.16604683935507583,0.03901865068719038
Y0-M04-D08,0.02894806983075452,HIGH,2.66418591897e-313,6.947998465222866e-24,1.0
Y0-M04-D09,0.0023597918399689177,MID,0.309105286513829,0.6154394494827372,0.07545526400363059
Y0-M04-D10,0.009981817074705529,HIGH,5.213394251758942e-32,0.10469580017637886,0.8953041998238198
Y0-M04-D13,0.0016632919982633569,LOW,0.662229369502814,0.29685146513796207,0.04091916535931631
Y0-M04-D14,0.011020332745594795,HIGH,5.841493188423865e-40,0.029764685164763716,0.9702353148350664
Y0-M04-D15,-0.007119936586056666,MID,5.008677788350286e-15,0.6524085789231354,0.34759142107693175
Y0-M04-D16,0.002111913007457278,LOW,0.48617137488152756,0.44458269379580195,0.0692459313227705
Y0-M04-D17,0.00912287045897887,HIGH,3.6794676271179546e-26,0.24283294850372333,0.7571670514961691
Y0-M04-D20,-0.010789011116878244,HIGH,3.797033104470459e-38,0.044813538452496256,0.9551864615477076
Y0-M04-D21,0.0026538289745566723,MID,0.17204663982024354,0.735276972778815,0.09267638740087324
Y0-M04-D22,0.00024292855924611491,LOW,0.774177093442444,0.17085611342652757,0.05496679313096694
Y0-M04-D23,0.0064701506716119,MID,4.813800066136542e-12,0.6791673429445454,0.32083265705070546
Y0-M04-D24,0.0031869924004845995,MID,0.0306779139748275,0.8306032421337026,0.13871884389130368
Y0-M04-D27,0.006454599717585178,MID,5.253074426649343e-12,0.6922687645596833,0.3077312354351351
Y0-M04-D28,-0.007682813614852357,MID,8.358399434154e-18,0.5450164580872152,0.4549835419128964
Y0-M04-D29,-0.013106958354106106,HIGH,1.4624993235242528e-58,0.001451852588562851,0.9985481474112897
Y0-M04-D30,-0.0064804977174123205,MID,3.5624749007083658e-12,0.7618677937269105,0.23813220626931056
Y0-M05-D01,0.011720846795853173,HIGH,8.599150328162153e-46,0.013213125598333904,0.9867868744018241
Y0-M05-D04,-0.00933076236875357,HIGH,1.3587108063318005e-27,0.21321070570199707,0.786789294298078
Y0-M05-D05,0.006817647276310699,MID,1.3432657323328288e-13,0.6985371158781625,0.30146288412164857
Y0-M05-D06,-0.0011752402542470947,LOW,0.7902517407637495,0.17203209677876838,0.03771616245765472
Y0-M05-D07,-0.006082191545508254,MID,1.8803113832079635e-10,0.7272126854068522,0.2727873144053291
Y0-M05-D08,-0.006032732285864388,MID,2.6758824659660266e-10,0.7299339841682957,0.2700660155641713
Y0-M05-D11,0.005111248584860521,MID,5.086425796618485e-07,0.8261578270788756,0.1738416642784964
Y0-M05-D12,0.009568866626626815,HIGH,3.4485028613908085e-29,0.14555560855537075,0.8544443914445075
Y0-M05-D13,0.006646212139068675,MID,7.469139233541135e-13,0.7145368409044821,0.28546315909490666
Y0-M05-D14,0.001972745427998382,LOW,0.5670696873637959,0.36450766802504125,0.06842264461112854
Y0-M05-D15,0.0031424128054715313,MID,0.039773525611839264,0.8141396332229721,0.14608684116508866
Y0-M05-D18,0.0037248045234722815,MID,0.0027898165744648933,0.8667505109342546,0.13045967249146267
Y0-M05-D19,-0.014333608824337329,HIGH,4.7933024813111e-71,0.00017090653534729427,0.9998290934646971
Y0-M05-D20,-0.0016761977220132527,LOW,0.6530993577605478,0.306245943727256,0.040654698512345586
Y0-M05-D21,-0.01489958743145775,HIGH,3.2705476626816904e-77,6.4532015886864e-05,0.9999354679839518
Y0-M05-D22,-0.014955263796142886,HIGH,7.406210942954895e-78,7.155057039294585e-05,0.9999284494298085
Y0-M05-D25,-0.015590583449652867,HIGH,3.180399820876662e-85,1.588799508125966e-05,0.9999841120050181
Y0-M05-D26,0.004110676808540371,MID,0.0002984012917878965,0.8866219145170113,0.11307968419125489
Y0-M05-D27,-0.013468736513759128,HIGH,3.820918575885667e-62,0.0007106083881574832,0.9992893916120308
Y0-M05-D28,0.005552534549008483,MID,1.4490972550923464e-08,0.8029286099541871,0.19707137555471038
Y0-M05-D29,-0.0033460185940026813,MID,0.016342359265789412,0.8328681376741237,0.15078950305995595
Y0-M06-D01,-0.003473269989645811,MID,0.009238979014055113,0.8634604523580857,0.1273005686277827
Y0-M06-D02,-0.011530421378212218,HIGH,3.1808582906127464e-44,0.014063922491283378,0.9859360775087278
Y0-M06-D03,-0.004276618748273226,MID,0.00012524850868934936,0.876075774127479,0.12379897736396235
Y0-M06-D04,0.0011385117827480973,LOW,0.7997288181268419,0.16207868878865195,0.038192493084497674
Y0-M06-D05,-0.005587875934050534,MID,1.3590088556612826e-08,0.7788898360647758,0.22111015034536025
Y0-M06-D08,0.007594923336619142,MID,2.5779802778004516e-17,0.5390226047033033,0.4609773952968719
Y0-M06-D09,0.0011735428123354587,LOW,0.783552700945278,0.18449210788348178,0.0319551911711992
Y0-M06-D10,-0.01716002319225085,HIGH,1.704402133999876e-104,4.910395279697564e-07,0.9999995089602931
Y0-M06-D11,-0.000856139858329653,LOW,0.8017361608527456,0.16822251630930868,0.030041322837755957
Y0-M06-D12,-0.0004213037516040862,LOW,0.8071542761880101,0.14912137517639998,0.043724348635602414
Y0-M06-D15,-0.006405211820811693,MID,9.085951165941231e-12,0.6944203102609499,0.3055796897299903
Y0-M06-D16,-0.006414767238227198,MID,7.493358472490569e-12,0.6943188631905777,0.30568113680181014
Y0-M06-D17,-0.005800460812378127,MID,2.063236545655262e-09,0.7519919843078503,0.24800801362869893
Y0-M06-D18,0.0032013261877703644,MID,0.02917860364739607,0.8394073430375125,0.1314140533149325
Y0-M06-D19,0.008405966793819159,HIGH,9.224548277780004e-22,0.3701412999536698,0.6298587000461965
Y0-M06-D22,0.00016110537146580233,LOW,0.7388748939286035,0.2072539946815945,0.05387111138992442
Y0-M06-D23,0.009199181298415677,HIGH,1.2113303347331463e-26,0.23106828074920746,0.7689317192507252
Y0-M06-D24,-0.010896041878315377,HIGH,5.160850989647948e-39,0.037980696166769926,0.9620193038333354
Y0-M06-D25,-0.0036034543673406387,MID,0.004258445157077528,0.8889517231423792,0.10678983170034004
Y0-M06-D26,0.01247072577920667,HIGH,1.5232444253655926e-52,0.0035275717292344486,0.996472428270871
Y0-M06-D29,-0.0042177950348999856,MID,0.0001615942776426995,0.8819472104123256,0.11789119531025224
Y0-M06-D30,0.010091748409955147,HIGH,7.289835339147048e-33,0.08958714333493935,0.910412856665215
Y0-M07-D01,-0.007972532364688438,MID,2.2342616783351335e-19,0.5260431144874698,0.47395688551262427
Y0-M07-D02,0.011417214320799462,HIGH,3.4135583276604147e-43,0.022463110085958672,0.9775368899139346
Y0-M07-D03,0.017905471479218057,HIGH,1.6094020906047949e-114,8.659664919611198e-08,0.9999999134033752
Y0-M07-D06,0.0046418091303272865,MID,1.1592072980115015e-05,0.8742780003351318,0.12571040759178362
Y0-M07-D07,0.01707925246353091,HIGH,1.4501631203070846e-103,5.1670738230378e-07,0.9999994832925465
Y0-M07-D08,0.006859981148533509,MID,7.68870663812865e-14,0.7131888292991652,0.28681117070066914
Y0-M07-D09,0.010096734122132018,HIGH,7.170964464034538e-33,0.10150291434445155,0.8984970856556077
Y0-M07-D10,-0.00984425610653893,HIGH,4.672885230579844e-31,0.1404852227842587,0.8595147772156203
Y0-M07-D13,0.0019342785149960725,LOW,0.5589479803878642,0.3792366754535008,0.06181534415849305
Y0-M07-D14,-0.00300843899251917,MID,0.0642416566454606,0.8187709775982827,0.11698736575629216
Y0-M07-D15,-0.012436367159358142,HIGH,3.930017339862108e-52,0.004399329296829756,0.995600670703298
Y0-M07-D16,0.00045668189427735336,LOW,0.7726697292776451,0.18622727261143385,0.041102998111110955
Y0-M07-D17,0.007854458702015253,HIGH,1.0639713846472935e-18,0.44989571372167597,0.5501042862785371
Y0-M07-D20,0.003617689930553038,MID,0.004416432819778586,0.8551409389921575,0.14044262818808448
Y0-M07-D21,-0.005773803899449365,MID,2.658119836792739e-09,0.745268294815519,0.25473170252619204
Y0-M07-D22,0.003618035743079678,MID,0.004601617333368691,0.8682752447265646,0.12712313793993124
Y0-M07-D23,-0.01099651610559284,HIGH,8.721148722413549e-40,0.030235905732541736,0.9697640942672463
Y0-M07-D24,-0.0024283785396510245,MID,0.2756634900605909,0.6301201290347072,0.09421638090478726
Y0-M07-D27,0.0036569718709824465,MID,0.004023829089208887,0.8557550038256335,0.1402211670852199
Y0-M07-D28,-0.008392366730971374,HIGH,9.519203163728786e-22,0.3372187648086113,0.6627812351914426
Y0-M07-D29,-0.003724987736206982,MID,0.0025082167058618427,0.8810478770264014,0.11644390626763708
Y0-M07-D30,0.015217314395472708,HIGH,6.547206983244457e-81,2.712998334869461e-05,0.99997287001647
Y0-M07-D31,0.0041970738898627095,MID,0.0001837516861688341,0.8720145791317602,0.12780166918197577
Y0-M08-D03,-0.008030348702789498,HIGH,1.236344405087822e-19,0.44534841596087693,0.5546515840392899
Y0-M08-D04,0.001493865128588113,LOW,0.7279669178091693,0.22789629449883464,0.0441367876920191
Y0-M08-D05,0.0038229819506787207,MID,0.0018325243552208873,0.840662482938749,0.1575049927059073
Y0-M08-D06,0.004663701693278071,MID,1.2876279787341992e-05,0.8350167856496991,0.16497033807041162
Y0-M08-D07,-0.0016896769673383292,LOW,0.6946859460388844,0.2555093106843066,0.04980474327665897
Y0-M08-D10,-0.0024656416557472527,MID,0.313042417012175,0.592007545923183,0.09495003706448356
Y0-M08-D11,0.0018249208157530535,LOW,0.6465598790159377,0.29449976835034125,0.058940352633624966
Y0-M08-D12,0.0035778771102855807,MID,0.006125424726521756,0.8398869736488582,0.1539876016247449
Y0-M08-D13,0.004250916431548679,MID,0.0001578598093983212,0.8576084909968564,0.1422336491938158
Y0-M08-D14,0.010893948737216906,HIGH,6.293798319951163e-39,0.04049757425782894,0.9595024257420046
Y0-M08-D17,0.01513892824824977,HIGH,6.495924080017755e-80,4.642897941674155e-05,0.999953571020449
Y0-M08-D18,0.0006945577733792392,LOW,0.8007875932803414,0.16736276129348276,0.031849645426394596
Y0-M08-D19,-0.00023554371263116586,LOW,0.7824864403852452,0.16857923469253322,0.048934324922203475
Y0-M08-D20,-0.008381449385544274,HIGH,1.1975587101566936e-21,0.34607479590447704,0.6539252040957347
Y0-M08-D21,-0.00434091069843148,MID,8.478342809420264e-05,0.8450381784002499,0.15487703817166668
Y0-M08-D24,0.004563866152336408,MID,2.2999409581885404e-05,0.8303821450878697,0.16959485550275433
Y0-M08-D25,0.007361842136381479,MID,3.469237272582388e-16,0.5424146006172741,0.45758539938291065
Y0-M08-D26,0.0050649643908664355,MID,6.944700171438134e-07,0.8113534082592813,0.18864589727092448
Y0-M08-D27,0.005790678097699357,MID,2.2850579424880512e-09,0.7680545177467019,0.23194547996809536
Y0-M08-D28,-0.008206982737255529,HIGH,1.1388670901299777e-20,0.40082713999898323,0.5991728600012322
Y0-M08-D31,0.0076827082082654985,MID,7.916865396014336e-18,0.5427485276644938,0.4572514723354347
Y0-M09-D01,-0.008785888767431072,HIGH,4.555515565598375e-24,0.32666748038109406,0.6733325196190071
Y0-M09-D02,-0.012567858235768644,HIGH,2.320068367986118e-53,0.004422797150844216,0.99557720284893
Y0-M09-D03,-0.013687688937586151,HIGH,2.7871967530010286e-64,0.0007452204030912774,0.9992547795969166
Y0-M09-D04,-0.01142296746566534,HIGH,2.6526361885029607e-43,0.020816895736376437,0.9791831042635069
Y0-M09-D07,0.005985160704356815,MID,3.6273490006654565e-10,0.7834680018281085,0.21653199780928062
Y0-M09-D08,0.007567121337614169,HIGH,3.192236028327651e-17,0.5080044816392639,0.49199551836085387
Y0-M09-D09,0.0030087069987126455,MID,0.058350234251161426,0.8087162966025894,0.13293346914610002
Y0-M09-D10,0.004583247339770169,MID,2.055248350301707e-05,0.81854336150155,0.18143608601483227
Y0-M09-D11,-0.003501050981477965,MID,0.008217820003150487,0.8382929156985484,0.15348926429834553
Y0-M09-D14,0.004258881641845291,MID,0.00016441642504161225,0.8498472686147369,0.1499883149601504
Y0-M09-D15,-0.0013937382953721287,LOW,0.7777410456249945,0.1869969475011808,0.03526200687399784
Y0-M09-D16,0.0004906355070142053,LOW,0.8131457615251145,0.14404749007025286,0.04280674840463806
Y0-M09-D17,-0.0041685060421824405,MID,0.0002742940583598173,0.8629018645374993,0.1368238414040647
Y0-M09-D18,0.011819312572294783,HIGH,1.0612310661499543e-46,0.00943530947645214,0.9905646905237515
Y0-M09-D21,-0.0031384466346095585,MID,0.034643995659519984,0.8574109659195852,0.1079450384211153
Y0-M09-D22,-0.0016184876091083363,LOW,0.7130196974273811,0.23745815003418685,0.049522152538539685
Y0-M09-D23,-0.005425052777561127,MID,5.026514700551423e-08,0.7859459537580387,0.21405399597682054
Y0-M09-D24,0.00706022986050027,MID,1.0203378563167672e-14,0.6285567423447513,0.371443257655214
Y0-M09-D25,-0.008836605224378059,HIGH,2.081165727319717e-24,0.2824963816887854,0.7175036183114211
Y0-M09-D28,-0.007735639161500738,MID,4.159804331972201e-18,0.5481014924007651,0.45189850759909245
Y0-M09-D29,0.009204457062835313,HIGH,9.266833234991749e-27,0.20719675845304442,0.7928032415469528
Y0-M09-D30,-0.002822343915453097,MID,0.10095411544842131,0.801082260306724,0.09796362424501379
Y0-M10-D01,0.016242106789299514,HIGH,4.883888326569817e-93,3.218372513243724e-06,0.9999967816276643
Y0-M10-D02,-0.004311721889858602,MID,9.40846885653693e-05,0.858836119019117,0.14106979629243466
Y0-M10-D05,-0.005349828053252858,MID,9.166581184186737e-08,0.8002523477290173,0.19974756060503743
Y0-M10-D06,-0.0017559488524491588,LOW,0.6793397934216007,0.2731700693304579,0.047490137247999366
Y0-M10-D07,-0.0015127550969529628,LOW,0.751068050360954,0.2052911115358443,0.04364083810341209
Y0-M10-D08,0.004405129105605713,MID,6.689351407561275e-05,0.8456113643905622,0.15432174209534275
Y0-M10-D09,0.00848341317799462,HIGH,2.820215672517153e-22,0.3235060100473741,0.6764939899526305
Y0-M10-D12,0.002954445175548442,MID,0.07285087921920173,0.8170626017203994,0.11008651906055225
Y0-M10-D13,0.0012126954175952825,LOW,0.7953053919468406,0.16634185712176514,0.03835275093128609
Y0-M10-D14,-0.0027980282694012064,MID,0.13008263820063656,0.7615903285901183,0.108327033209414
Y0-M10-D15,-0.012240051473766923,HIGH,2.4389515305726207e-50,0.005927240207393643,0.9940727597925391
Y0-M10-D16,0.0011844345780388156,LOW,0.7713880513900065,0.19368299592399493,0.03492895268582182
Y0-M10-D19,0.002545068974766332,MID,0.25504274758897805,0.6326407110063554,0.11231654140479651
Y0-M10-D20,-0.005611604419454277,MID,1.0639948667403806e-08,0.7802943666255364,0.2197056227346262
Y0-M10-D21,-0.008191503277057215,HIGH,1.5458538656895868e-20,0.4188681535829813,0.5811318464169754
Y0-M10-D22,3.6004070408399905e-05,LOW,0.7103848953119228,0.22121367778678713,0.0684014269014403
Y0-M10-D23,0.007250967623942128,MID,1.3617200171421924e-15,0.6160570828829047,0.3839429171170865
Y0-M10-D26,0.01192885713123632,HIGH,1.356149991863623e-47,0.010417018419484829,0.9895829815805357
Y0-M10-D27,0.009985507475696521,HIGH,4.8659096278221944e-32,0.12956734046112506,0.8704326595390839
Y0-M10-D28,-0.001121855976732619,LOW,0.7906982581584289,0.17902100235754767,0.030280739483895907
Y0-M10-D29,0.00029582960474049,LOW,0.8058528610957665,0.15235724731798297,0.04178989158607207
Y0-M10-D30,0.0008800678636244594,LOW,0.8237501820141488,0.14587420662851666,0.03037561135719834
Y0-M11-D02,-0.010301278158258542,HIGH,2.4974217319361983e-34,0.08187773740723643,0.9181222625927259
Y0-M11-D03,-0.011499198273576842,HIGH,5.988137031570502e-44,0.018163709209627944,0.981836290790544
Y0-M11-D04,-0.005551174868642211,MID,1.4561196033826668e-08,0.8349596772411765,0.16504030819781898
Y0-M11-D05,0.013532371650590852,HIGH,1.0532509560313375e-62,0.000736870451154798,0.999263129548642
Y0-M11-D06,0.00014085969644771592,LOW,0.72154247060593,0.22745433379286656,0.05100319560109243
Y0-M11-D09,-0.016830457243192962,HIGH,2.3726634964761664e-100,9.001664012447224e-07,0.999999099833481
Y0-M11-D10,-0.00515303016997638,MID,3.2598078956430766e-07,0.8303826144966676,0.16961705952276088
Y0-M11-D11,-0.006107176485588622,MID,1.3838366324925368e-10,0.7160419417261643,0.28395805813538816
Y0-M11-D12,-0.0039029788546272493,MID,0.0010944162177281868,0.8502079032215473,0.14869768056076732
Y0-M11-D13,-0.0070937348838194855,MID,6.960177987118323e-15,0.5828646829839018,0.41713531701620266
Y0-M11-D16,0.004083342150827215,MID,0.0003936345089934447,0.8702135857302715,0.12939277976052102
Y0-M11-D17,0.021862023757873994,HIGH,1.5774491053670388e-174,1.2972379605237503e-12,0.9999999999986358
Y0-M11-D18,-0.006553147130400066,MID,1.7254574066398603e-12,0.7120954986525465,0.2879045013455713
Y0-M11-D19,-0.0044525011501200555,MID,4.567565869084503e-05,0.831404806078809,0.16854951826264802
Y0-M11-D20,-0.005952722952112718,MID,5.929006753279907e-10,0.7514950979301191,0.24850490147714832
Y0-M11-D23,-0.002038772610474617,LOW,0.5481493444326787,0.38684462909930006,0.06500602646795972
Y0-M11-D24,0.0019141724340646245,LOW,0.61300142871214,0.32367597979111373,0.06332259149683332
Y0-M11-D25,0.004100916854721384,MID,0.0004025758311903481,0.8366278508740093,0.16296957329485168
Y0-M11-D26,-0.005343326393794382,MID,8.917839916912348e-08,0.8066409007858948,0.19335901003570227
Y0-M11-D27,-0.009232099819501254,HIGH,7.226984224098553e-27,0.21542445809236138,0.7845755419077715
Y0-M11-D30,-0.0007754257171178664,LOW,0.7958614211742341,0.16718057255664284,0.03695800626904561
Y0-M12-D01,-0.006377640128624003,MID,1.2011527808397528e-11,0.7345982435021772,0.26540175648560244
Y0-M12-D02,0.013556998449358114,HIGH,4.910072242260556e-63,0.0006286141921056842,0.9993713858077923
Y0-M12-D03,0.004971544534619379,MID,1.2179858860933512e-06,0.8516185962432378,0.14838018577098955
Y0-M12-D04,-0.008427777765814342,HIGH,6.114619851954024e-22,0.33886150826239286,0.6611384917376733
Y0-M12-D07,0.0026737979667038865,MID,0.1616234717013593,0.7276509812751684,0.1107255470236094
Y0-M12-D08,0.006649589381775748,MID,7.649523732006917e-13,0.6599382613681397,0.34006173863109657
Y0-M12-D09,-0.006563229451246297,MID,1.737024173022837e-12,0.6816531682334481,0.31834683176469053
Y0-M12-D10,0.006807725961241079,MID,1.4793024415785454e-13,0.6868583168529737,0.313141683147068
Y0-M12-D11,-0.011393324330319355,HIGH,4.599915894849013e-43,0.0181555705718672,0.9818444294279158
Y0-M12-D14,-0.0058920049616423276,MID,8.231265786510862e-10,0.8124477324102685,0.18755226676663594
Y0-M12-D15,-0.011674149000607502,HIGH,1.901371503052167e-45,0.011745395237876589,0.9882546047619944
Y0-M12-D16,-0.003418549777023711,MID,0.010152888812192477,0.8635092583219255,0.1263378528660016
Y0-M12-D17,-0.004341467495736818,MID,9.317566941112334e-05,0.8331175419417067,0.16678928238879365
Y0-M12-D18,-0.00685256646831151,MID,9.337239950580006e-14,0.6459670987411894,0.35403290125884884
Y0-M12-D21,-0.008119200540865446,HIGH,3.6817196846518603e-20,0.4594381472499382,0.5405618527498535
Y0-M12-D22,0.011298475570272722,HIGH,3.192692588935241e-42,0.02542028122912545,0.9745797187707034
Y0-M12-D23,-0.009304658435916924,HIGH,2.062689872081788e-27,0.22350799346755168,0.7764920065323415
Y0-M12-D24,0.0074537027138529685,MID,1.1181863868857595e-16,0.5617589180606225,0.4382410819395673
Y0-M12-D25,0.00419176177109755,MID,0.00021147707884603214,0.8651777922944833,0.13461073062682177
Y0-M12-D28,-0.009916618407151877,HIGH,1.3993217759660795e-31,0.10745959335985546,0.8925404066403412
Y0-M12-D29,-0.0021759666310338906,MID,0.4436401531896924,0.4909248247169951,0.06543502209316945
Y0-M12-D30,0.0009237530066849929,LOW,0.8190553539717303,0.14571707129652892,0.035227574731587885
Y0-M12-D31,-0.006730545207582736,MID,3.54333093883659e-13,0.6427169562353968,0.35728304376416403
Y1-M01-D01,0.0035769893856504764,MID,0.005934444500512121,0.8607728414000037,0.13329271409970694
Y1-M01-D04,0.0017453638517767398,LOW,0.6691766370345459,0.27934456285098475,0.051478800114573245
Y1-M01-D05,-0.008222798341627207,HIGH,1.053708165284319e-20,0.4292711789283948,0.5707288210717056
Y1-M01-D06,-0.014764397660277706,HIGH,8.364633830912451e-76,7.626855792220606e-05,0.9999237314418982
Y1-M01-D07,0.005673846829165552,MID,5.310235660238772e-09,0.7973352882347136,0.2026647064548594
Y1-M01-D08,0.00603849687328297,MID,2.590628442467435e-10,0.7670377473865081,0.23296225235431506
Y1-M01-D11,-0.014642154643469595,HIGH,2.2466524908097283e-74,0.00010143799469356243,0.9998985620051706
Y1-M01-D12,0.0007020441908814396,LOW,0.7926959130818884,0.17107671969634153,0.036227367221756304
Y1-M01-D13,-0.002550066458072113,MID,0.25264552715982164,0.6334328930413043,0.11392157979880906
Y1-M01-D14,-0.004844063718193519,MID,3.595996080550483e-06,0.8405125162378271,0.1594838877662302
Y1-M01-D15,-0.017715543215364556,HIGH,6.350826349468222e-112,1.1896142008529105e-07,0.9999998810385549
Y1-M01-D18,-0.002321164832886055,MID,0.33086193860979474,0.5975487572504089,0.07158930413972943
Y1-M01-D19,-0.011863609107886692,HIGH,4.506364749664413e-47,0.008847425074711193,0.9911525749251886
Y1-M01-D20,0.0034403741292771935,MID,0.009216692044091377,0.8634454244460971,0.1273378835096375
Y1-M01-D21,0.0036201284859482263,MID,0.00467693417631702,0.862357303239851,0.13296576258388834
Y1-M01-D22,0.009897654488993081,HIGH,1.7379467885405601e-31,0.10350797270281444,0.8964920272973415
Y1-M01-D25,0.005870891908246093,MID,1.0080885555362662e-09,0.7736722581160069,0.22632774087574573
Y1-M01-D26,-0.004022051934876794,MID,0.0006256369327999924,0.8568904590083294,0.14248390405873929
Y1-M01-D27,9.697330378401329e-05,LOW,0.7416347210516024,0.19832348015204845,0.0600417987961546
Y1-M01-D28,0.009236534799517748,HIGH,6.937080767455957e-27,0.20703146688097074,0.7929685331191118
Y1-M01-D29,0.0019415214107374407,LOW,0.5522719281756273,0.3951660024595116,0.05256206936467759
Y1-M02-D01,-0.0211824428837491,HIGH,2.5881857590014438e-163,9.868476178133025e-12,0.9999999999899956
Y1-M02-D02,-0.003167267367031611,MID,0.028917084982154284,0.8541776660056977,0.11690524901198995
Y1-M02-D03,0.006869944492230728,MID,7.792046423381984e-14,0.6282484837030062,0.37175151629710923
Y1-M02-D04,0.006695408357859084,MID,4.575484132964806e-13,0.6704091851432183,0.3295908148563355
Y1-M02-D05,-0.007303160058774415,MID,6.920916081107846e-16,0.6142278400224682,0.3857721599773559
Y1-M02-D08,-0.021989333070353948,HIGH,1.1088140393398214e-176,8.931356370911598e-13,0.9999999999990905
Y1-M02-D09,-0.0039313210235833096,MID,0.0008013071039710882,0.8891821099252606,0.11001658297090267
Y1-M02-D10,-0.0191190693525129,HIGH,1.5411092015444872e-131,3.851956796095388e-09,0.9999999961478352
Y1-M02-D11,0.00984068559907702,HIGH,4.40052240086345e-31,0.1340592578744946,0.8659407421252798
Y1-M02-D12,0.006438535867696236,MID,5.476386024952833e-12,0.7506626370311865,0.2493373629633778
Y1-M02-D15,0.009309053943905495,HIGH,1.9342710671638853e-27,0.18766682515329475,0.8123331748468957
Y1-M02-D16,0.006794551274388267,MID,1.5617337535755698e-13,0.6736209088673126,0.32637909113274327
Y1-M02-D17,-0.002788194484383974,MID,0.12288171187513969,0.7613582832359772,0.11576000488876514
Y1-M02-D18,0.00843880858313995,HIGH,5.397688634745763e-22,0.3386478237058054,0.6613521762942705
Y1-M02-D19,-0.0025750843493473593,MID,0.2085356777541743,0.6831760480348278,0.10828827421096492
Y1-M02-D22,-0.004954516497337125,MID,1.6677488188156667e-06,0.802222504346906,0.1977758279040562
Y1-M02-D23,0.0034930074410219033,MID,0.008472799812815875,0.8439404154690235,0.14758678471836123
Y1-M02-D24,-0.006396587561025024,MID,9.142284502762561e-12,0.6837140744590784,0.3162859255318104
Y1-M02-D25,0.004972712144112667,MID,1.508975677444647e-06,0.8313289172360712,0.1686695737881958
Y1-M02-D26,0.0010062258985962498,LOW,0.8208116633646547,0.1481088957827473,0.031079440852493475
Y1-M02-D29,0.0009399671945939936,LOW,0.8340319234947504,0.13654889763359374,0.029419178871707547
Y1-M03-D01,-7.522138968029719e-05,LOW,0.7512363880580674,0.19136104784917427,0.05740256409287917
Y1-M03-D02,-0.0092858726702163,HIGH,3.2444741689502535e-27,0.1967278775741365,0.8032721224259609
Y1-M03-D03,0.002113897652065756,LOW,0.48349081204269506,0.4537396694584318,0.06276951849880782
Y1-M03-D04,0.001285900137621118,LOW,0.8004452512016161,0.16633920829827825,0.03321554050010303
Y1-M03-D07,-0.0017707783840769805,LOW,0.6793960322264632,0.26798170481311967,0.05262226296046621
Y1-M03-D08,0.002841712192858503,MID,0.11460936778872263,0.7524147728096896,0.13297585940169873
Y1-M03-D09,0.00465644959883022,MID,1.2764826776317761e-05,0.8160761463750993,0.18391108879799212
Y1-M03-D10,0.004199076709474806,MID,0.00022255194940653443,0.8406515768701989,0.15912587118056967
Y1-M03-D11,0.0023932529646265225,MID,0.32995022594155893,0.565317750481563,0.10473202357680506
Y1-M03-D14,-0.004594773338994037,MID,1.928471744451961e-05,0.8497781009056753,0.1502026143769659
Y1-M03-D15,0.012284965378177515,HIGH,8.848342023516262e-51,0.005730433094743412,0.9942695669051822
Y1-M03-D16,-0.009774325951963835,HIGH,1.5068111768650897e-30,0.1577402304382416,0.8422597695616395
Y1-M03-D17,0.0013771408577727658,LOW,0.7412164754181315,0.22105468565374142,0.03772883892823372
Y1-M03-D18,0.007573662692879749,HIGH,3.2194034344140174e-17,0.5162341159528125,0.48376588404728
Y1-M03-D21,-0.007109676370373655,MID,5.802432482683925e-15,0.6542762782404928,0.3457237217594705
Y1-M03-D22,-0.013920000397395488,HIGH,1.1366935788637075e-66,0.00039168125343342687,0.9996083187464867
Y1-M03-D23,-2.4269537285938966e-05,LOW,0.6924096555322411,0.23761701280321268,0.06997333166446222
Y1-M03-D24,-0.005320106646800504,MID,1.1363296055668752e-07,0.819323628910249,0.180676257456935
Y1-M03-D25,0.012013443055903673,HIGH,2.4639265089392013e-48,0.008907772613449676,0.9910922273864656
Y1-M03-D28,-0.011009723767040014,HIGH,6.4556024677824255e-40,0.03511367449621399,0.9648863255038606
Y1-M03-D29,-0.005143897760529769,MID,3.495984231512715e-07,0.8418035217244777,0.15819612867700977
Y1-M03-D30,0.008478556635086919,HIGH,3.2457829987015633e-22,0.36791940757196795,0.6320805924280732
Y1-M03-D31,0.010325840331305841,HIGH,1.5053365808238084e-34,0.08894417894113275,0.9110558210587313
Y1-M04-D01,-0.015309024904147121,HIGH,6.058422358553272e-82,2.8507609747983455e-05,0.9999714923904195
Y1-M04-D04,0.006039801284840546,MID,2.215972644934923e-10,0.7764916553145703,0.2235083444638532
Y1-M04-D05,0.007346602201235811,MID,4.601390093188497e-16,0.5834726052293168,0.4165273947705891
Y1-M04-D06,-0.001301150182577921,LOW,0.7703251888417697,0.18958932373341722,0.0400854874247901
Y1-M04-D07,-0.004489142555609313,MID,3.957028370177264e-05,0.8482531395659958,0.15170729015036405
Y1-M04-D08,-0.00940584424669128,HIGH,4.557385888041077e-28,0.17727188177413747,0.8227281182257936
Y1-M04-D11,-0.008214248910373116,HIGH,1.1048230590081855e-20,0.4556099335928696,0.5443900664071704
Y1-M04-D12,-0.0009178881224309674,LOW,0.799836398009083,0.1675019671065731,0.0326616348845113
Y1-M04-D13,0.009311668071106864,HIGH,2.2453021122636667e-27,0.21239151267896836,0.7876084873208369
Y1-M04-D14,0.015264873367544724,HIGH,1.9175255941982702e-81,2.9618243149669033e-05,0.9999703817568638
Y1-M04-D15,-0.0031564097964731767,MID,0.03033358688078676,0.8478349862909244,0.1218314268284937
Y1-M04-D18,0.004439687534380318,MID,5.114336977428558e-05,0.8247063642338073,0.175242492396333
Y1-M04-D19,0.005679861762999253,MID,5.864685577649347e-09,0.7944911563397131,0.2055088377958132
Y1-M04-D20,-0.013002694115931029,HIGH,1.7964651826693884e-57,0.0018317798070518702,0.9981682201927664
Y1-M04-D21,-0.00047948043551510056,LOW,0.7753303869270474,0.18186117753309558,0.042808435539680646
Y1-M04-D22,-0.005960435066906603,MID,5.718976060825238e-10,0.7392082889158198,0.2607917105121896
Y1-M04-D25,0.00268214434324059,MID,0.176702197540672,0.7103582787469622,0.1129395237125795
Y1-M04-D26,0.0020225233560926285,LOW,0.5519267794958247,0.37558035583843186,0.07249286466588119
Y1-M04-D27,-0.004878632187014408,MID,2.9210512912350553e-06,0.8203448234556475,0.17965225549315403
Y1-M04-D28,0.007793642832174496,MID,2.214673691255111e-18,0.514628222565136,0.48537177743478555
Y1-M04-D29,0.01176688934448667,HIGH,3.377943546555411e-46,0.012823474157055198,0.9871765258428699
Y1-M05-D02,0.008652717425747004,HIGH,2.6055595844976423e-23,0.33951751675588243,0.6604824832439532
Y1-M05-D03,0.006003860862843254,MID,3.259024235709785e-10,0.7860129831034908,0.21398701657063732
Y1-M05-D04,-0.010116038745580728,HIGH,5.4292605558156264e-33,0.09356695707142261,0.9064330429285838
Y1-M05-D05,-0.0015654413992843993,LOW,0.6970177458036779,0.2582601463728521,0.0447221078234072
Y1-M05-D06,-0.0030458822124155393,MID,0.06103964655098095,0.8113656275043661,0.12759472594443097
Y1-M05-D09,-0.0018504229538225795,LOW,0.6390398041341603,0.3040073288554898,0.056952867010437704
Y1-M05-D10,0.002347464487691045,MID,0.38330019034582236,0.5286668852259873,0.08803292442822316
Y1-M05-D11,0.002078092210209457,LOW,0.52669944844409,0.3977447414881062,0.07555581006770273
Y1-M05-D12,0.004871623424559546,MID,3.069106170461666e-06,0.811051247997895,0.18894568289580219
Y1-M05-D13,0.005943312075404989,MID,6.602171063987026e-10,0.7629757646717386,0.23702423466808917
Y1-M05-D16,-0.0011367778997818682,LOW,0.7965761919738631,0.16509510019647283,0.03832870782944681
Y1-M05-D17,-0.003505872330934089,MID,0.008680649604329857,0.8394464798371842,0.1518728705585078
Y1-M05-D18,0.004457886764413019,MID,4.8957061113642154e-05,0.8445875013182012,0.1553635416205163
Y1-M05-D19,-0.0012550547531372525,LOW,0.7856947529428051,0.17424201794099714,0.04006322911624024
Y1-M05-D20,-0.004139257992684977,MID,0.0003259238896324492,0.8521432756120569,0.14753080049823622
Y1-M05-D23,0.008575191280546846,HIGH,9.301854531850748e-23,0.33806602331957386,0.6619339766802507
Y1-M05-D24,0.000537448949635659,LOW,0.7901314048716174,0.16811806866091472,0.04175052646755604
Y1-M05-D25,-0.0064658424192578145,MID,5.5333254583113335e-12,0.7116535783570421,0.2883464216374687
Y1-M05-D26,0.00034890299872625263,LOW,0.7820195117800027,0.1694327291841827,0.048547759035597327
Y1-M05-D27,0.0071441372131529545,MID,4.318230424562459e-15,0.5801449247839138,0.41985507521619014
Y1-M05-D30,0.0036444917017628923,MID,0.0041340184054283295,0.856352507327062,0.13951347426750219
Y1-M05-D31,-0.002338891642637569,MID,0.3807364001691111,0.533852753420743,0.08541084641019023
Y1-M06-D01,-0.0002521036788303187,LOW,0.778386214848947,0.16813349513164105,0.05348029001942992
Y1-M06-D02,0.006554622469438488,MID,2.1043960802701837e-12,0.6895962929685275,0.31040370702943504
Y1-M06-D03,0.008123307585143852,HIGH,3.512919976369373e-20,0.45693957578950073,0.5430604242103478
Y1-M06-D06,0.012126479986379259,HIGH,2.0752770675154466e-49,0.00671703620338958,0.9932829637964546
Y1-M06-D07,0.003721182512147309,MID,0.002432963804996665,0.8664396408979477,0.1311273952971486
Y1-M06-D08,0.003998268166716753,MID,0.0006677627242683007,0.8608303982242683,0.13850183905162147
Y1-M06-D09,-0.010248650716416946,HIGH,5.579967632078096e-34,0.07769933514876559,0.9223006648512594
Y1-M06-D10,0.0018783158137167294,LOW,0.5757346817621088,0.37542370672827996,0.04884161150977413
Y1-M06-D13,0.013570102320405019,HIGH,4.0394062225482513e-63,0.0006364891752764576,0.9993635108246816
Y1-M06-D14,0.007215094411346268,MID,1.6364324089903322e-15,0.6210731405462677,0.3789268594537314
Y1-M06-D15,-0.005300890768366232,MID,1.195886089988638e-07,0.7952897680137179,0.2047101123976393
Y1-M06-D16,0.006140415905487564,MID,1.0253123205070878e-10,0.757507447013485,0.24249255288410101
Y1-M06-D17,0.012271473597079852,HIGH,1.239234171036834e-50,0.005780233328921789,0.994219766670953
Y1-M06-D20,-0.0014529517544494325,LOW,0.7326026067863984,0.23151116005053504,0.03588623316294152
Y1-M06-D21,0.0018469910169869217,LOW,0.6461745524233783,0.29576363564218694,0.05806181193433112
Y1-M06-D22,0.004874625437046789,MID,3.036689606673061e-06,0.8130500470962593,0.18694691621406087
Y1-M06-D23,-0.0064343635006020175,MID,6.386622060578281e-12,0.7174893118876273,0.2825106881060365
Y1-M06-D24,0.00940268034892764,HIGH,4.494505559625704e-28,0.1686815355645587,0.8313184644356352
Y1-M06-D27,0.005223649288720605,MID,2.0769620423749428e-07,0.8270745745867459,0.17292521771694433
Y1-M06-D28,0.002198820109685246,MID,0.4435674333687533,0.4827963078294242,0.07363625880179576
Y1-M06-D29,0.010652706480022044,HIGH,4.389776797442368e-37,0.044188485163486425,0.9558115148366879
Y1-M06-D30,0.00330046338943874,MID,0.01698986459475865,0.8606700796408637,0.12234005576428036
Y1-M07-D01,-0.006469626985721218,MID,4.576534461498101e-12,0.7076110521821166,0.2923889478133259
Y1-M07-D04,0.009306806648970468,HIGH,2.210197190535346e-27,0.21751717212678334,0.7824828278733702
Y1-M07-D05,0.017869190480031383,HIGH,6.0151486234027985e-114,1.0418983293508142e-07,0.9999998958101114
Y1-M07-D06,0.0015390592776331126,LOW,0.6966873441552138,0.2643088908160269,0.03900376502880123
Y1-M07-D07,-0.008765529700907104,HIGH,5.972136004690256e-24,0.2694982400378835,0.7305017599620874
Y1-M07-D08,-0.004868189846885126,MID,2.6543961266281872e-06,0.8579550669322779,0.14204227867171015
Y1-M07-D11,0.01310222274661036,HIGH,1.583282266622901e-58,0.001310486240734782,0.9986895137591161
Y1-M07-D12,-0.004835000283605243,MID,3.1923717097804196e-06,0.8485327503494621,0.15146405727878595
Y1-M07-D13,-0.007170367464037749,MID,3.044912097624959e-15,0.5926157271108348,0.407384272889012
Y1-M07-D14,-0.007574709873334418,HIGH,2.837579439898573e-17,0.5169566767771994,0.4830433232228448
Y1-M07-D15,0.0033552561186175334,MID,0.014849836001291142,0.8444917818512047,0.14065838214754253
Y1-M07-D18,-0.004961051741478817,MID,1.6479844277061952e-06,0.8171872418428697,0.18281111017270793
Y1-M07-D19,-0.0020527130944860846,LOW,0.5330531174120535,0.39328716933554136,0.073659713252616
Y1-M07-D20,0.002778279592000307,MID,0.13705245172976274,0.7343230496499876,0.12862449862014624
Y1-M07-D21,-0.005644618356904733,MID,7.998486720039065e-09,0.7594479860530696,0.24055200594863732
Y1-M07-D22,-0.004949939792757692,MID,1.6549617922748342e-06,0.8117902406420271,0.1882081043961272
Y1-M07-D25,0.006691151719638486,MID,4.976166077459367e-13,0.6873147300501553,0.3126852699493242
Y1-M07-D26,-0.009518870421175668,HIGH,7.343058377654544e-29,0.15167793587417813,0.8483220641257833
Y1-M07-D27,-0.0038654591895556996,MID,0.001189244340241604,0.8706311224039804,0.12817963325573214
Y1-M07-D28,0.00754404815721681,HIGH,4.3356800714993567e-17,0.5132898430812968,0.4867101569185276
Y1-M07-D29,0.002586525293772558,MID,0.2069143988974446,0.6906642984123682,0.10242130269036347
